kd: 0.3409191560730662
ki: 0.09558152586327684
kp: 0.3164937354782962
