kd: 0.29514210135741004
ki: 0.7523874408990483
kp: 0.5583544373052345
